
[NumberOfWaves] 966
=================================
0.0033028      13.6364      3.95829      3.46529
0.00388612      13.6364      3.67905      3.63673
0.00416835      13.6364       3.3998      3.26249
0.00412764      13.6364      3.12056      3.18173
0.00376713      13.6364      2.84131      2.68753
0.00429226      13.3333      3.95829      2.16945
0.00505032      13.3333      3.67905      2.01494
0.00541711      13.3333       3.3998      5.28358
0.0053642      13.3333      3.12056      4.26101
0.00489569      13.3333      2.84131      3.81052
0.00404787      13.3333      2.56207      1.18928
0.00546401      13.0435      3.95829      0.35642
0.00642902      13.0435      3.67905      2.42904
0.00689594      13.0435       3.3998      5.46768
0.00682858      13.0435      3.12056       6.2783
0.00623217      13.0435      2.84131      2.00137
0.00515291      13.0435      2.56207     0.148715
0.00367442      13.0435      2.28282      1.11554
0.00679949       12.766      3.95829        2.803
0.00800036       12.766      3.67905      2.99645
0.0085814       12.766       3.3998      3.69385
0.00849758       12.766      3.12056      4.36432
0.0077554       12.766      2.84131      2.37625
0.00641235       12.766      2.56207       6.2138
0.0045725       12.766      2.28282      5.10706
0.00828161         12.5      3.95829      3.68756
0.00974425         12.5      3.67905      5.79024
0.0104519         12.5       3.3998      5.24874
0.0103498         12.5      3.12056      5.35576
0.00944589         12.5      2.84131      2.09897
0.00781009         12.5      2.56207      3.74988
0.0055692         12.5      2.28282      2.21559
0.00986874      12.2449      3.95829      1.01339
0.0116117      12.2449      3.67905      5.62368
0.012455      12.2449       3.3998     0.805552
0.0123333      12.2449      3.12056      5.74728
0.0112561      12.2449      2.84131      1.87721
0.00930686      12.2449      2.56207      4.71571
0.00663651      12.2449      2.28282      3.77451
0.00345198      12.2449      2.00358      3.46543
0.0114429           12      3.95829      5.04507
0.0134639           12      3.67905     0.960038
0.0144417           12       3.3998      3.10182
0.0143007           12      3.12056      3.05845
0.0130517           12      2.84131       3.6525
0.0107914           12      2.56207      5.98602
0.00769512           12      2.28282      5.34126
0.00400262           12      2.00358      3.30622
0.0129217      11.7647      3.95829     0.720355
0.0152038      11.7647      3.67905       6.1808
0.016308      11.7647       3.3998       6.1617
0.0161487      11.7647      3.12056      4.41477
0.0147383      11.7647      2.84131     0.146878
0.012186      11.7647      2.56207      5.45825
0.00868955      11.7647      2.28282      2.02977
0.00451987      11.7647      2.00358      6.26996
0.0142555      11.5385      3.95829      6.05594
0.0167732      11.5385      3.67905      2.92325
0.0179914      11.5385       3.3998      2.08393
0.0178156      11.5385      3.12056      4.82857
0.0162596      11.5385      2.84131      2.74496
0.0134439      11.5385      2.56207       3.0653
0.0095865      11.5385      2.28282      2.31632
0.00498642      11.5385      2.00358      1.66191
0.0154086      11.3208      3.95829      3.12898
0.01813      11.3208      3.67905      4.15422
0.0194467      11.3208       3.3998      3.50407
0.0192568      11.3208      3.12056      5.65902
0.0175749      11.3208      2.84131      3.10588
0.0145313      11.3208      2.56207     0.935453
0.010362      11.3208      2.28282      1.72081
0.00538978      11.3208      2.00358      4.81553
0.0163502      11.1111      3.95829      3.95395
0.0192379      11.1111      3.67905      4.57652
0.0206351      11.1111       3.3998      5.06323
0.0204335      11.1111      3.12056       5.1892
0.0186489      11.1111      2.84131      1.44142
0.0154193      11.1111      2.56207      6.14436
0.0109952      11.1111      2.28282      3.09618
0.00571914      11.1111      2.00358     0.829428
0.0171004      10.9091      3.95829      3.77569
0.0201206      10.9091      3.67905      5.51308
0.0215819      10.9091       3.3998      1.67436
0.0213711      10.9091      3.12056      1.38691
0.0195045      10.9091      2.84131     0.384804
0.0161268      10.9091      2.56207      1.96213
0.0114997      10.9091      2.28282      3.28161
0.00598155      10.9091      2.00358      1.51277
0.0178668      10.7143      3.95829       5.5246
0.0210224      10.7143      3.67905      3.37598
0.0225491      10.7143       3.3998      1.82477
0.0223289      10.7143      3.12056      4.21846
0.0203787      10.7143      2.84131      2.15362
0.0168496      10.7143      2.56207      2.06351
0.0120151      10.7143      2.28282      4.18323
0.00624963      10.7143      2.00358     0.266824
0.0188679      10.5263      3.95829    0.0565992
0.0222002      10.5263      3.67905       1.2434
0.0238125      10.5263       3.3998      3.39797
0.0235799      10.5263      3.12056      1.13762
0.0215204      10.5263      2.84131      2.84375
0.0177936      10.5263      2.56207      1.78402
0.0126882      10.5263      2.28282      2.58168
0.00659977      10.5263      2.00358      1.23333
0.0202734      10.3448      3.95829      2.08992
0.0238539      10.3448      3.67905       4.9861
0.0255863      10.3448       3.3998       1.8517
0.0253364      10.3448      3.12056      1.56027
0.0231235      10.3448      2.84131     0.430823
0.0191191      10.3448      2.56207      1.02587
0.0136334      10.3448      2.28282      6.12502
0.0070914      10.3448      2.00358      3.72531
0.0221931      10.1695      3.95829      1.18666
0.0261126      10.1695      3.67905       3.0432
0.0280091      10.1695       3.3998     0.576086
0.0277355      10.1695      3.12056      2.01971
0.0253131      10.1695      2.84131      3.94315
0.0209295      10.1695      2.56207      2.01553
0.0149243      10.1695      2.28282      5.52119
0.0077629      10.1695      2.00358      1.18885
0.0246746           10      3.95829      2.34002
0.0290324           10      3.67905     0.809233
0.0311409           10       3.3998      6.01435
0.0308367           10      3.12056      5.15196
0.0281435           10      2.84131      5.75136
0.0232697           10      2.56207      5.09238
0.0165931           10      2.28282      2.60791
0.0086309           10      2.00358     0.571351
0.027644      9.8361      3.9583      4.4814
0.032526      9.8361       3.679      3.4223
0.034889      9.8361      3.3998      5.4076
0.034548      9.8361      3.1206      5.6059
0.03153      9.8361      2.8413      0.5133
0.02607      9.8361      2.5621      2.2854
0.01859      9.8361      2.2828      3.1687
0.0096696      9.8361      2.0036      2.7847
0.030772      9.6774      3.9583        4.07
0.036206      9.6774       3.679      4.5549
0.038836      9.6774      3.3998      5.3819
0.038457      9.6774      3.1206      3.5831
0.035098      9.6774      2.8413      6.0427
0.02902      9.6774      2.5621     0.66254
0.020693      9.6774      2.2828       1.605
0.010764      9.6774      2.0036      2.8352
0.033783      9.5238      3.9583      1.1915
0.039749      9.5238       3.679      5.1057
0.042636      9.5238      3.3998     0.33483
0.04222      9.5238      3.1206      1.1572
0.038532      9.5238      2.8413      4.0523
0.031859      9.5238      2.5621      5.7461
0.022718      9.5238      2.2828      4.8259
0.011817      9.5238      2.0036        3.37
0.036492       9.375      3.9583       5.342
0.042937       9.375       3.679      1.9556
0.046055       9.375      3.3998      3.8549
0.045605       9.375      3.1206      6.2734
0.041622       9.375      2.8413      4.8381
0.034414       9.375      2.5621   0.0065736
0.02454       9.375      2.2828      5.8945
0.012764       9.375      2.0036      6.1967
0.03876      9.2308      3.9583      6.0575
0.045605      9.2308       3.679      5.6113
0.048917      9.2308      3.3998    0.010858
0.048439      9.2308      3.1206      1.0035
0.044209      9.2308      2.8413      2.3042
0.036553      9.2308      2.5621      2.3413
0.026065      9.2308      2.2828      1.5401
0.013558      9.2308      2.0036      2.2183
0.040467      9.0909      3.9583     0.32548
0.047614      9.0909       3.679       2.468
0.051072      9.0909      3.3998      4.1631
0.050573      9.0909      3.1206      3.9274
0.046156      9.0909      2.8413      6.2582
0.038163      9.0909      2.5621      5.5671
0.027213      9.0909      2.2828      5.9182
0.014155      9.0909      2.0036      4.4444
0.041534      8.9552      3.9583      3.1168
0.048869      8.9552       3.679      0.7521
0.052418      8.9552      3.3998      5.8881
0.051906      8.9552      3.1206      1.0615
0.047373      8.9552      2.8413      5.4121
0.039169      8.9552      2.5621      2.4786
0.027931      8.9552      2.2828      6.0229
0.014528      8.9552      2.0036      5.0184
0.04202      8.8235      3.9583      2.7798
0.049442      8.8235       3.679      2.2853
0.053033      8.8235      3.3998      4.9235
0.052515      8.8235      3.1206      4.9728
0.047928      8.8235      2.8413      4.0339
0.039628      8.8235      2.5621      2.9161
0.028258      8.8235      2.2828      6.1696
0.014698      8.8235      2.0036    0.066153
0.041998      8.6957      3.9583      4.2412
0.049415      8.6957       3.679      3.8274
0.053004      8.6957      3.3998      3.6912
0.052486      8.6957      3.1206     0.89807
0.047902      8.6957      2.8413      4.5841
0.039607      8.6957      2.5621      5.8766
0.028243      8.6957      2.2828      2.5769
0.01469      8.6957      2.0036      4.5191
0.041517      8.5714      3.9583      2.5844
0.048849      8.5714       3.679      2.6106
0.052397      8.5714      3.3998      2.7887
0.051885      8.5714      3.1206      4.8538
0.047353      8.5714      2.8413     0.54535
0.039153      8.5714      2.5621      2.3477
0.027919      8.5714      2.2828       1.857
0.014522      8.5714      2.0036      2.0385
0.040613      8.4507      3.9583      6.0015
0.047786      8.4507       3.679      2.0415
0.051256      8.4507      3.3998      1.4228
0.050756      8.4507      3.1206      4.0621
0.046323      8.4507      2.8413      5.7837
0.038301      8.4507      2.5621      1.5349
0.027311      8.4507      2.2828      3.1109
0.014206      8.4507      2.0036      2.4914
0.039312      8.3333      3.9583      4.5751
0.046255      8.3333       3.679      5.0178
0.049614      8.3333      3.3998      3.7867
0.049129      8.3333      3.1206      4.5387
0.044838      8.3333      2.8413      3.0452
0.037074      8.3333      2.5621      4.3139
0.026436      8.3333      2.2828     0.97486
0.013751      8.3333      2.0036     0.15158
0.03764      8.2192      3.9583       5.461
0.044287      8.2192       3.679      3.7298
0.047504      8.2192      3.3998      4.8276
0.04704      8.2192      3.1206       4.443
0.042931      8.2192      2.8413     0.76751
0.035497      8.2192      2.5621      3.9858
0.025312      8.2192      2.2828      4.5347
0.013166      8.2192      2.0036     0.72961
0.035662      8.1081      3.9583      5.4928
0.04196      8.1081       3.679     0.52214
0.045007      8.1081      3.3998      0.2434
0.044568      8.1081      3.1206      1.1488
0.040675      8.1081      2.8413      4.3682
0.033631      8.1081      2.5621      3.9491
0.023982      8.1081      2.2828     0.88336
0.012474      8.1081      2.0036      6.1488
0.033462           8      3.9583     0.87343
0.039371           8       3.679      4.6047
0.042231           8      3.3998       3.719
0.041818           8      3.1206     0.79668
0.038166           8      2.8413     0.67209
0.031556           8      2.5621      4.8841
0.022502           8      2.2828      5.7124
0.011705           8      2.0036      3.2349
0.03114      7.8947      3.9583      3.1845
0.03664      7.8947       3.679     0.63505
0.039301      7.8947      3.3998      1.2284
0.038917      7.8947      3.1206      1.5428
0.035518      7.8947      2.8413      4.6548
0.029367      7.8947      2.5621       1.954
0.020941      7.8947      2.2828      5.5899
0.010893      7.8947      2.0036      1.6756
0.028828      7.7922      3.9583      6.0939
0.03392      7.7922       3.679      3.5168
0.036383      7.7922      3.3998      4.5428
0.036028      7.7922      3.1206      3.4494
0.032881      7.7922      2.8413      3.3073
0.027187      7.7922      2.5621      4.4402
0.019386      7.7922      2.2828      5.2923
0.010084      7.7922      2.0036      1.7331
0.026701      7.6923      3.9583      6.0099
0.031417      7.6923       3.679       4.763
0.033699      7.6923      3.3998      2.2331
0.03337      7.6923      3.1206       1.705
0.030455      7.6923      2.8413      4.7053
0.025181      7.6923      2.5621       2.281
0.017956      7.6923      2.2828      0.5887
0.0093398      7.6923      2.0036      3.3118
0.024944      7.5949      3.9583      5.7507
0.029349      7.5949       3.679      1.7259
0.031481      7.5949      3.3998       0.258
0.031173      7.5949      3.1206      5.4292
0.028451      7.5949      2.8413      1.8946
0.023524      7.5949      2.5621      3.4375
0.016774      7.5949      2.2828      1.6571
0.0087251      7.5949      2.0036      5.7826
0.023583         7.5      3.9583      1.4109
0.027748         7.5       3.679      2.7487
0.029763         7.5      3.3998       1.757
0.029472         7.5      3.1206      3.9679
0.026898         7.5      2.8413      5.3092
0.02224         7.5      2.5621      5.5409
0.015859         7.5      2.2828      5.0329
0.008249         7.5      2.0036      3.4951
0.022578      7.4074      3.9583     0.39775
0.026565      7.4074       3.679       5.013
0.028495      7.4074      3.3998       4.848
0.028216      7.4074      3.1206     0.42887
0.025752      7.4074      2.8413      3.4414
0.021292      7.4074      2.5621      6.0374
0.015183      7.4074      2.2828      5.8791
0.0078975      7.4074      2.0036      1.3956
0.021863      7.3171      3.9583      1.1118
0.025724      7.3171       3.679      5.0256
0.027593      7.3171      3.3998      1.8324
0.027323      7.3171      3.1206      1.1192
0.024937      7.3171      2.8413     0.52198
0.020618      7.3171      2.5621      4.1675
0.014702      7.3171      2.2828      4.8778
0.0076475      7.3171      2.0036      3.8432
0.02135      7.2289      3.9583      3.8489
0.025121      7.2289       3.679      3.9346
0.026945      7.2289      3.3998      3.4629
0.026682      7.2289      3.1206      2.0809
0.024352      7.2289      2.8413      2.2631
0.020135      7.2289      2.5621     0.27331
0.014358      7.2289      2.2828     0.92545
0.0074681      7.2289      2.0036      1.2224
0.020934      7.1429      3.9583      1.0527
0.024631      7.1429       3.679      3.8997
0.02642      7.1429      3.3998       0.764
0.026162      7.1429      3.1206       4.794
0.023877      7.1429      2.8413      4.8216
0.019742      7.1429      2.5621      3.4318
0.014078      7.1429      2.2828      2.9976
0.0073224      7.1429      2.0036      6.0162
0.020519      7.0588      3.9583      3.7456
0.024143      7.0588       3.679      1.4041
0.025897      7.0588      3.3998      1.5023
0.025644      7.0588      3.1206      4.8187
0.023404      7.0588      2.8413      5.0893
0.019351      7.0588      2.5621      2.7221
0.013799      7.0588      2.2828      4.7735
0.0071774      7.0588      2.0036     0.37325
0.020092      6.9767      3.9583      3.6333
0.02364      6.9767       3.679       5.455
0.025357      6.9767      3.3998       3.178
0.02511      6.9767      3.1206     0.57313
0.022916      6.9767      2.8413      4.7464
0.018948      6.9767      2.5621      3.6442
0.013511      6.9767      2.2828      5.9637
0.0070279      6.9767      2.0036      2.2221
0.019658      6.8966      3.9583      3.8395
0.02313      6.8966       3.679  0.00069494
0.02481      6.8966      3.3998      4.7326
0.024568      6.8966      3.1206      5.5287
0.022422      6.8966      2.8413      2.5631
0.018539      6.8966      2.5621      3.7307
0.01322      6.8966      2.2828      2.4844
0.0068763      6.8966      2.0036      2.7805
0.019226      6.8182      3.9583      5.9249
0.022622      6.8182       3.679      4.9947
0.024265      6.8182      3.3998      2.0172
0.024028      6.8182      3.1206     0.94198
0.021929      6.8182      2.8413      2.4316
0.018132      6.8182      2.5621      5.0696
0.012929      6.8182      2.2828      2.6905
0.0067252      6.8182      2.0036      3.3364
0.018804      6.7416      3.9583      2.3828
0.022125      6.7416       3.679     0.75687
0.023732      6.7416      3.3998      1.3814
0.0235      6.7416      3.1206      1.9786
0.021448      6.7416      2.8413      3.3728
0.017733      6.7416      2.5621      4.2099
0.012645      6.7416      2.2828      1.0673
0.0065774      6.7416      2.0036      4.1763
0.0184      6.6667      3.9583      2.8978
0.02165      6.6667       3.679      3.6238
0.023222      6.6667      3.3998      5.0234
0.022995      6.6667      3.1206      0.1452
0.020987      6.6667      2.8413      4.7273
0.017352      6.6667      2.5621       3.605
0.012374      6.6667      2.2828      3.6319
0.0064361      6.6667      2.0036      2.2102
0.018022      6.5934      3.9583      2.6261
0.021205      6.5934       3.679      3.4561
0.022745      6.5934      3.3998       6.091
0.022522      6.5934      3.1206      3.6033
0.020555      6.5934      2.8413       1.543
0.016996      6.5934      2.5621     0.28516
0.012119      6.5934      2.2828      3.4863
0.0063038      6.5934      2.0036      6.0369
0.017667      6.5217      3.9583      4.8198
0.020788      6.5217       3.679      5.8554
0.022297      6.5217      3.3998      4.2514
0.02208      6.5217      3.1206      1.5671
0.020151      6.5217      2.8413      4.3789
0.016662      6.5217      2.5621      4.1566
0.011881      6.5217      2.2828      5.1941
0.0061799      6.5217      2.0036       5.403
0.017333      6.4516      3.9583      2.2975
0.020394      6.4516       3.679      4.3819
0.021875      6.4516      3.3998       1.914
0.021662      6.4516      3.1206     0.58012
0.01977      6.4516      2.8413     0.14714
0.016346      6.4516      2.5621      3.5885
0.011656      6.4516      2.2828      4.7601
0.0060629      6.4516      2.0036      3.8703
0.017013       6.383      3.9583      3.1405
0.020018       6.383       3.679      3.4559
0.021472       6.383      3.3998       3.454
0.021262       6.383      3.1206       2.912
0.019405       6.383      2.8413      2.1294
0.016045       6.383      2.5621      4.9191
0.011441       6.383      2.2828      5.9316
0.0059511       6.383      2.0036       2.774
0.016704      6.3158      3.9583      5.7675
0.019654      6.3158       3.679      3.1539
0.021081      6.3158      3.3998      1.3475
0.020876      6.3158      3.1206      3.4137
0.019052      6.3158      2.8413      2.9234
0.015753      6.3158      2.5621      1.9031
0.011233      6.3158      2.2828      4.3497
0.0058429      6.3158      2.0036     0.12167
0.016399        6.25      3.9583      3.9119
0.019295        6.25       3.679      5.7144
0.020696        6.25      3.3998      3.6602
0.020494        6.25      3.1206      5.4821
0.018704        6.25      2.8413      1.2906
0.015465        6.25      2.5621      5.4431
0.011028        6.25      2.2828       1.574
0.0057361        6.25      2.0036    0.058089
0.016093      6.1856      3.9583      6.2785
0.018935      6.1856       3.679      1.0362
0.020311      6.1856      3.3998      1.5388
0.020112      6.1856      3.1206      4.0179
0.018356      6.1856      2.8413      4.4063
0.015177      6.1856      2.5621     0.68471
0.010822      6.1856      2.2828      3.3193
0.0056292      6.1856      2.0036      4.8168
0.015787      6.1224      3.9583     0.36185
0.018576      6.1224       3.679      5.3797
0.019925      6.1224      3.3998      3.2523
0.01973      6.1224      3.1206      2.7981
0.018007      6.1224      2.8413       4.691
0.014888      6.1224      2.5621      3.5863
0.010617      6.1224      2.2828      4.4077
0.0055222      6.1224      2.0036       3.019
0.015483      6.0606      3.9583     0.27678
0.018217      6.0606       3.679      6.1437
0.01954      6.0606      3.3998      2.6089
0.019349      6.0606      3.1206      1.5096
0.017659      6.0606      2.8413      1.9935
0.014601      6.0606      2.5621      0.4695
0.010412      6.0606      2.2828      1.9672
0.0054156      6.0606      2.0036       4.533
0.01518           6      3.9583       4.356
0.017861           6       3.679     0.34152
0.019158           6      3.3998     0.27629
0.018971           6      3.1206      4.7359
0.017314           6      2.8413      4.8201
0.014316           6      2.5621      3.8802
0.010208           6      2.2828      1.1979
0.0053099           6      2.0036      1.0308
0.01497      5.9406      3.9583      6.0885
0.017614      5.9406       3.679      4.7761
0.018894      5.9406      3.3998      3.4828
0.018709      5.9406      3.1206      1.3123
0.017075      5.9406      2.8413      2.4455
0.014118      5.9406      2.5621      2.7827
0.010067      5.9406      2.2828      3.6536
0.0052365      5.9406      2.0036      3.1433
0.014761      5.8824      3.9583     0.22249
0.017368      5.8824       3.679     0.08134
0.01863      5.8824      3.3998      4.4509
0.018448      5.8824      3.1206       3.927
0.016836      5.8824      2.8413     0.06826
0.013921      5.8824      2.5621      3.9217
0.0099265      5.8824      2.2828    0.010228
0.0051633      5.8824      2.0036      1.9924
0.014554      5.8252      3.9583     0.30237
0.017125      5.8252       3.679      2.0078
0.018368      5.8252      3.3998      6.1215
0.018189      5.8252      3.1206      3.9382
0.0166      5.8252      2.8413     0.54584
0.013726      5.8252      2.5621      1.5567
0.0097874      5.8252      2.2828     0.16638
0.0050909      5.8252      2.0036      3.9804
0.01435      5.7692      3.9583      3.1114
0.016884      5.7692       3.679      3.3289
0.01811      5.7692      3.3998      3.2966
0.017934      5.7692      3.1206      5.8659
0.016367      5.7692      2.8413      5.8779
0.013533      5.7692      2.5621     0.35671
0.0096499      5.7692      2.2828     0.35295
0.0050194      5.7692      2.0036      3.3959
0.014148      5.7143      3.9583      5.9233
0.016647      5.7143       3.679      3.1796
0.017856      5.7143      3.3998      1.7976
0.017681      5.7143      3.1206      2.5581
0.016137      5.7143      2.8413      5.0339
0.013342      5.7143      2.5621      4.6014
0.0095142      5.7143      2.2828      2.4233
0.0049488      5.7143      2.0036      1.3451
0.013948      5.6604      3.9583      3.1397
0.016412      5.6604       3.679      4.5623
0.017604      5.6604      3.3998      3.8912
0.017432      5.6604      3.1206     0.82018
0.015909      5.6604      2.8413      3.9425
0.013154      5.6604      2.5621      6.1608
0.0093799      5.6604      2.2828      3.0814
0.004879      5.6604      2.0036      4.0022
0.013751      5.6075      3.9583      2.6485
0.016179      5.6075       3.679     0.37371
0.017354      5.6075      3.3998      6.0783
0.017185      5.6075      3.1206      4.2702
0.015684      5.6075      2.8413      2.0746
0.012968      5.6075      2.5621      1.4035
0.009247      5.6075      2.2828       2.339
0.0048098      5.6075      2.0036      5.3231
0.013555      5.5556      3.9583      1.5021
0.015948      5.5556       3.679      2.5506
0.017107      5.5556      3.3998      1.0339
0.01694      5.5556      3.1206      3.3368
0.01546      5.5556      2.8413      5.2595
0.012783      5.5556      2.5621     0.73762
0.0091151      5.5556      2.2828      4.5106
0.0047412      5.5556      2.0036      1.9299
0.01336      5.5046      3.9583      3.3786
0.015719      5.5046       3.679      4.4013
0.016861      5.5046      3.3998      1.6315
0.016696      5.5046      3.1206      1.0046
0.015238      5.5046      2.8413      1.2416
0.012599      5.5046      2.5621      2.7262
0.0089842      5.5046      2.2828     0.50588
0.0046731      5.5046      2.0036     0.32545
0.013167      5.4545      3.9583      2.7257
0.015492      5.4545       3.679      4.6842
0.016617      5.4545      3.3998      3.7757
0.016455      5.4545      3.1206       4.175
0.015018      5.4545      2.8413      2.0919
0.012417      5.4545      2.5621      3.2281
0.0088542      5.4545      2.2828      4.2701
0.0046055      5.4545      2.0036      4.6668
0.012975      5.4054      3.9583      5.1194
0.015267      5.4054       3.679      1.5926
0.016375      5.4054      3.3998     0.70463
0.016215      5.4054      3.1206      5.3116
0.014799      5.4054      2.8413      5.3784
0.012236      5.4054      2.5621      3.9745
0.0087254      5.4054      2.2828     0.11478
0.0045385      5.4054      2.0036      5.9842
0.012785      5.3571      3.9583      5.1934
0.015043      5.3571       3.679      2.5116
0.016136      5.3571      3.3998      2.6428
0.015978      5.3571      3.1206      6.0203
0.014583      5.3571      2.8413      3.7586
0.012057      5.3571      2.5621      4.5248
0.0085979      5.3571      2.2828      5.7789
0.0044722      5.3571      2.0036     0.15013
0.012598      5.3097      3.9583      3.6267
0.014823      5.3097       3.679      1.5801
0.015899      5.3097      3.3998      4.1675
0.015744      5.3097      3.1206      2.6712
0.014369      5.3097      2.8413      4.5286
0.011881      5.3097      2.5621      3.6105
0.0084718      5.3097      2.2828      5.7541
0.0044066      5.3097      2.0036      5.2694
0.012413      5.2632      3.9583      4.4102
0.014605      5.2632       3.679      4.2651
0.015666      5.2632      3.3998      5.1118
0.015513      5.2632      3.1206      3.2709
0.014158      5.2632      2.8413      2.8761
0.011706      5.2632      2.5621       2.186
0.0083473      5.2632      2.2828      4.2199
0.0043418      5.2632      2.0036     0.59076
0.01223      5.2174      3.9583      2.9353
0.01439      5.2174       3.679      5.5665
0.015435      5.2174      3.3998      4.9504
0.015284      5.2174      3.1206      6.1009
0.013949      5.2174      2.8413      3.1991
0.011534      5.2174      2.5621        3.66
0.0082244      5.2174      2.2828      3.0048
0.0042779      5.2174      2.0036      3.0405
0.01205      5.1724      3.9583      1.3597
0.014178      5.1724       3.679      5.1422
0.015208      5.1724      3.3998      3.2561
0.015059      5.1724      3.1206     0.55933
0.013744      5.1724      2.8413      1.8338
0.011364      5.1724      2.5621      2.3467
0.0081034      5.1724      2.2828      4.7346
0.004215      5.1724      2.0036      4.1086
0.011873      5.1282      3.9583      6.1042
0.013969      5.1282       3.679      1.7757
0.014984      5.1282      3.3998      0.1325
0.014838      5.1282      3.1206      1.5676
0.013542      5.1282      2.8413      4.4969
0.011197      5.1282      2.5621      5.9956
0.007984      5.1282      2.2828      1.2509
0.0041529      5.1282      2.0036      5.4163
0.011698      5.0847      3.9583      1.2333
0.013764      5.0847       3.679      2.5924
0.014763      5.0847      3.3998       2.716
0.014619      5.0847      3.1206     0.39759
0.013342      5.0847      2.8413      2.2336
0.011032      5.0847      2.5621      3.9164
0.0078665      5.0847      2.2828      2.7181
0.0040917      5.0847      2.0036       1.358
0.011525       5.042      3.9583     0.16464
0.013561       5.042       3.679      3.7811
0.014546       5.042      3.3998      1.4365
0.014404       5.042      3.1206       5.578
0.013146       5.042      2.8413      2.9821
0.010869       5.042      2.5621      3.5673
0.0077506       5.042      2.2828      4.1497
0.0040315       5.042      2.0036     0.65507
0.011356           5      3.9583      6.0609
0.013361           5       3.679      1.8422
0.014332           5      3.3998      2.1988
0.014192           5      3.1206      4.2527
0.012952           5      2.8413      5.2191
0.010709           5      2.5621      4.5282
0.0076365           5      2.2828      3.9726
0.0039721           5      2.0036      4.4381
0.011147      4.9587      3.9583      5.9312
0.013115      4.9587       3.679      3.3547
0.014068      4.9587      3.3998      5.3367
0.01393      4.9587      3.1206      2.7694
0.012714      4.9587      2.8413      3.2294
0.010512      4.9587      2.5621      3.8963
0.0074959      4.9587      2.2828      1.8752
0.003899      4.9587      2.0036     0.89285
0.010942       4.918      3.9583      5.3848
0.012875       4.918       3.679      1.9244
0.01381       4.918      3.3998      3.3298
0.013675       4.918      3.1206      4.6527
0.012481       4.918      2.8413      1.4868
0.010319       4.918      2.5621      1.4617
0.0073584       4.918      2.2828      3.1002
0.0038275       4.918      2.0036      2.4577
0.010742       4.878      3.9583      3.9837
0.01264       4.878       3.679    0.041257
0.013558       4.878      3.3998      4.5552
0.013425       4.878      3.1206      3.4361
0.012253       4.878      2.8413      5.1185
0.010131       4.878      2.5621       3.531
0.0072241       4.878      2.2828     0.59801
0.0037576       4.878      2.0036      4.5179
0.010547      4.8387      3.9583      1.6246
0.01241      4.8387       3.679      5.2135
0.013311      4.8387      3.3998      4.1788
0.013181      4.8387      3.1206      3.2985
0.01203      4.8387      2.8413      3.2925
0.0099467      4.8387      2.5621      2.9465
0.0070928      4.8387      2.2828      1.1005
0.0036893      4.8387      2.0036      2.6519
0.010356         4.8      3.9583      2.6138
0.012186         4.8       3.679      3.1737
0.013071         4.8      3.3998      1.5955
0.012943         4.8      3.1206      1.0328
0.011812         4.8      2.8413       3.489
0.0097668         4.8      2.5621      4.1887
0.0069645         4.8      2.2828      3.0492
0.0036226         4.8      2.0036      3.0056
0.01017      4.7619      3.9583      4.8685
0.011966      4.7619       3.679      3.1315
0.012835      4.7619      3.3998     0.48486
0.01271      4.7619      3.1206      1.8614
0.0116      4.7619      2.8413      5.2657
0.009591      4.7619      2.5621      1.0822
0.0068391      4.7619      2.2828      4.2017
0.0035574      4.7619      2.0036      4.4089
0.0099879      4.7244      3.9583      1.2985
0.011752      4.7244       3.679     0.29356
0.012605      4.7244      3.3998      4.5011
0.012482      4.7244      3.1206      5.8474
0.011392      4.7244      2.8413      4.0074
0.0094192      4.7244      2.5621      4.3165
0.0067166      4.7244      2.2828      1.1302
0.0098098      4.6875      3.9583      6.0212
0.011542      4.6875       3.679      4.9862
0.012381      4.6875      3.3998      5.6558
0.01226      4.6875      3.1206      5.0877
0.011189      4.6875      2.8413      2.3977
0.0092513      4.6875      2.5621      4.9838
0.0065969      4.6875      2.2828      5.2916
0.0096358      4.6512      3.9583     0.62907
0.011338      4.6512       3.679      6.1785
0.012161      4.6512      3.3998      4.3305
0.012042      4.6512      3.1206      5.8488
0.010991      4.6512      2.8413      2.4737
0.0090872      4.6512      2.5621      3.1097
0.0064799      4.6512      2.2828      5.3168
0.0094658      4.6154      3.9583      4.4423
0.011138      4.6154       3.679     0.76666
0.011947      4.6154      3.3998      5.3297
0.01183      4.6154      3.1206    0.091675
0.010797      4.6154      2.8413      3.9181
0.0089269      4.6154      2.5621      3.6191
0.0063656      4.6154      2.2828      3.3471
0.0092997      4.5802      3.9583      2.6866
0.010942      4.5802       3.679       6.062
0.011737      4.5802      3.3998      5.3472
0.011622      4.5802      3.1206      4.5839
0.010607      4.5802      2.8413      3.9916
0.0087702      4.5802      2.5621      2.7421
0.0062538      4.5802      2.2828      5.4894
0.0091373      4.5455      3.9583      4.3246
0.010751      4.5455       3.679      1.4302
0.011532      4.5455      3.3998      4.1816
0.011419      4.5455      3.1206      4.8494
0.010422      4.5455      2.8413     0.26042
0.0086171      4.5455      2.5621     0.51585
0.0061446      4.5455      2.2828      4.8142
0.0089785      4.5113      3.9583      3.0112
0.010564      4.5113       3.679      5.6523
0.011331      4.5113      3.3998       4.466
0.011221      4.5113      3.1206      3.9583
0.010241      4.5113      2.8413      2.8147
0.0084673      4.5113      2.5621     0.23202
0.0060379      4.5113      2.2828      2.1774
0.0088233      4.4776      3.9583      3.3194
0.010382      4.4776       3.679       1.202
0.011136      4.4776      3.3998      1.2811
0.011027      4.4776      3.1206      5.6512
0.010064      4.4776      2.8413      4.9177
0.008321      4.4776      2.5621   0.0024036
0.0059335      4.4776      2.2828      5.7248
0.0086716      4.4444      3.9583     0.68373
0.010203      4.4444       3.679      2.6423
0.010944      4.4444      3.3998     0.67248
0.010837      4.4444      3.1206      5.9596
0.0098907      4.4444      2.8413      2.8347
0.0081779      4.4444      2.5621     0.04623
0.0058315      4.4444      2.2828       3.179
0.0085233      4.4118      3.9583      2.2334
0.010029      4.4118       3.679      2.6622
0.010757      4.4118      3.3998      2.8426
0.010652      4.4118      3.1206      4.1934
0.0097215      4.4118      2.8413      5.3494
0.008038      4.4118      2.5621     0.18419
0.0057317      4.4118      2.2828      5.0696
0.0083783      4.3796      3.9583      1.5649
0.009858      4.3796       3.679      3.7285
0.010574      4.3796      3.3998      3.0655
0.010471      4.3796      3.1206     0.63641
0.0095561      4.3796      2.8413      2.4643
0.0079013      4.3796      2.5621      1.9251
0.0056342      4.3796      2.2828      4.0153
0.0082365      4.3478      3.9583      4.0476
0.0096912      4.3478       3.679      1.0503
0.010395      4.3478      3.3998       4.999
0.010293      4.3478      3.1206      4.0017
0.0093944      4.3478      2.8413      2.1582
0.0077675      4.3478      2.5621      2.6792
0.0055389      4.3478      2.2828      5.0036
0.0080978      4.3165      3.9583      4.8273
0.009528      4.3165       3.679      5.3553
0.01022      4.3165      3.3998       2.276
0.01012      4.3165      3.1206      5.9442
0.0092363      4.3165      2.8413      3.0382
0.0076368      4.3165      2.5621      3.9639
0.0054456      4.3165      2.2828      3.3788
0.0079622      4.2857      3.9583      1.5484
0.0093685      4.2857       3.679      3.6393
0.010049      4.2857      3.3998      4.2033
0.0099507      4.2857      3.1206     0.36495
0.0090816      4.2857      2.8413      2.4701
0.0075089      4.2857      2.5621       1.005
0.0053544      4.2857      2.2828      2.5471
0.0078296      4.2553      3.9583      4.9598
0.0092124      4.2553       3.679     0.15535
0.0098815      4.2553      3.3998     0.58008
0.009785      4.2553      3.1206      5.2041
0.0089304      4.2553      2.8413      3.2895
0.0073838      4.2553      2.5621      4.2423
0.0052652      4.2553      2.2828       3.018
0.0076999      4.2254      3.9583      4.2515
0.0090598      4.2254       3.679     0.37804
0.0097178      4.2254      3.3998      3.3238
0.0096229      4.2254      3.1206     0.15542
0.0087824      4.2254      2.8413      4.3948
0.0072615      4.2254      2.5621      1.3055
0.005178      4.2254      2.2828      4.3103
0.0075731      4.1958      3.9583      4.9113
0.0089106      4.1958       3.679      4.1994
0.0095577      4.1958      3.3998      5.2158
0.0094644      4.1958      3.1206       1.939
0.0086378      4.1958      2.8413     0.73132
0.0071419      4.1958      2.5621      5.8875
0.0050927      4.1958      2.2828      2.3401
0.007449      4.1667      3.9583      5.9455
0.0087646      4.1667       3.679      6.0854
0.0094011      4.1667      3.3998      2.1546
0.0093093      4.1667      3.1206     0.65934
0.0084962      4.1667      2.8413      1.8023
0.0070249      4.1667      2.5621      3.2757
0.0050093      4.1667      2.2828     0.26078
0.0073276      4.1379      3.9583     0.63587
0.0086217      4.1379       3.679     0.24463
0.0092479      4.1379      3.3998      1.6101
0.0091576      4.1379      3.1206      3.7104
0.0083578      4.1379      2.8413      4.4696
0.0069104      4.1379      2.5621     0.76743
0.0049276      4.1379      2.2828      3.7037
0.0072088      4.1096      3.9583      5.6409
0.008482      4.1096       3.679      1.5709
0.009098      4.1096      3.3998       5.372
0.0090091      4.1096      3.1206      3.3817
0.0082223      4.1096      2.8413      5.0057
0.0067984      4.1096      2.5621       1.153
0.0048478      4.1096      2.2828      5.6074
0.0070926      4.0816      3.9583      4.3407
0.0083452      4.0816       3.679     0.79633
0.0089513      4.0816      3.3998      4.8678
0.0088639      4.0816      3.1206      3.1745
0.0080897      4.0816      2.8413      1.2672
0.0066887      4.0816      2.5621      2.1369
0.0047696      4.0816      2.2828      3.9407
0.0069788      4.0541      3.9583      4.7498
0.0082114      4.0541       3.679      2.1504
0.0088078      4.0541      3.3998      5.5023
0.0087217      4.0541      3.1206      3.5565
0.00796      4.0541      2.8413      2.0931
0.0065815      4.0541      2.5621      5.8586
0.0046931      4.0541      2.2828      5.2274
0.0068676      4.0268      3.9583      5.8231
0.0080804      4.0268       3.679      1.4477
0.0086673      4.0268      3.3998      3.3837
0.0085826      4.0268      3.1206      6.0745
0.007833      4.0268      2.8413      2.9546
0.0064765      4.0268      2.5621      2.5765
0.0046183      4.0268      2.2828      3.6388
0.0067586           4      3.9583       3.031
0.0079523           4       3.679     0.47638
0.0085298           4      3.3998      5.1115
0.0084465           4      3.1206      2.3491
0.0077088           4      2.8413         4.4
0.0063738           4      2.5621      3.9248
0.004545           4      2.2828      2.3562
0.006652      3.9735      3.9583      5.3891
0.0078268      3.9735       3.679     0.77015
0.0083952      3.9735      3.3998     0.68304
0.0083132      3.9735      3.1206       1.381
0.0075872      3.9735      2.8413      3.0529
0.0062733      3.9735      2.5621      4.7432
0.0044733      3.9735      2.2828      4.2799
0.0065476      3.9474      3.9583      1.9399
0.007704      3.9474       3.679    0.096888
0.0082635      3.9474      3.3998     0.93885
0.0081828      3.9474      3.1206      1.8802
0.0074681      3.9474      2.8413      6.1695
0.0061748      3.9474      2.5621      1.0731
0.0044031      3.9474      2.2828      3.5324
0.0064454      3.9216      3.9583      4.1288
0.0075837      3.9216       3.679    0.026067
0.0081345      3.9216      3.3998      3.9058
0.0080551      3.9216      3.1206      3.7771
0.0073515      3.9216      2.8413      2.8958
0.0060784      3.9216      2.5621      2.3096
0.0043344      3.9216      2.2828      4.7164
0.0063454      3.8961      3.9583      5.8925
0.007466      3.8961       3.679     0.73808
0.0080083      3.8961      3.3998      2.7055
0.00793      3.8961      3.1206      3.2293
0.0072374      3.8961      2.8413      4.5428
0.0059841      3.8961      2.5621      4.4296
0.0042671      3.8961      2.2828      1.6318
0.0062474       3.871      3.9583      1.9717
0.0073508       3.871       3.679      2.9202
0.0078846       3.871      3.3998      2.6939
0.0078076       3.871      3.1206      5.6334
0.0071257       3.871      2.8413      1.1165
0.0058917       3.871      2.5621      2.6252
0.0042012       3.871      2.2828      2.3612
0.0061515      3.8462      3.9583      3.1758
0.0072379      3.8462       3.679      0.5756
0.0077636      3.8462      3.3998      2.6462
0.0076877      3.8462      3.1206      4.2709
0.0070163      3.8462      2.8413      5.1223
0.0058012      3.8462      2.5621      4.8043
0.0041367      3.8462      2.2828      4.0449
0.0060575      3.8217      3.9583      2.0011
0.0071273      3.8217       3.679      4.6323
0.007645      3.8217      3.3998       1.224
0.0075703      3.8217      3.1206     0.56988
0.0069091      3.8217      2.8413       4.169
0.0057126      3.8217      2.5621      4.9022
0.0040735      3.8217      2.2828      1.8046
0.0059655      3.7975      3.9583     0.39031
0.0070191      3.7975       3.679      6.1668
0.0075288      3.7975      3.3998      1.6362
0.0074553      3.7975      3.1206     0.16094
0.0068041      3.7975      2.8413      1.1264
0.0056258      3.7975      2.5621      4.4791
0.0040117      3.7975      2.2828     0.27936
0.0058753      3.7736      3.9583     0.29128
0.006913      3.7736       3.679      1.1699
0.0074151      3.7736      3.3998      1.7903
0.0073426      3.7736      3.1206     0.39149
0.0067013      3.7736      2.8413      5.0966
0.0055408      3.7736      2.5621       2.845
0.003951      3.7736      2.2828      1.8938
0.005787        3.75      3.9583      4.9244
0.0068091        3.75       3.679      1.6096
0.0073036        3.75      3.3998      3.6323
0.0072323        3.75      3.1206     0.18893
0.0066006        3.75      2.8413      3.0096
0.0054575        3.75      2.5621      1.3703
0.0038917        3.75      2.2828      2.0022
0.0057005      3.7267      3.9583     0.82758
0.0067073      3.7267       3.679      4.2122
0.0071944      3.7267      3.3998     0.18952
0.0071242      3.7267      3.1206      5.6876
0.0065019      3.7267      2.8413      1.0177
0.005376      3.7267      2.5621      1.1016
0.0038335      3.7267      2.2828      2.4284
0.0056158      3.7037      3.9583      4.4856
0.0066076      3.7037       3.679      3.4649
0.0070875      3.7037      3.3998      4.4702
0.0070182      3.7037      3.1206      2.2605
0.0064053      3.7037      2.8413      6.0816
0.005296      3.7037      2.5621      5.9524
0.0037765      3.7037      2.2828     0.42229
0.0055327       3.681      3.9583      4.3065
0.0065098       3.681       3.679      4.4879
0.0069826       3.681      3.3998       0.818
0.0069144       3.681      3.1206      2.3871
0.0063105       3.681      2.8413      3.8597
0.0052177       3.681      2.5621      1.4437
0.0037206       3.681      2.2828      1.8229
0.0054513      3.6585      3.9583      2.0927
0.006414      3.6585       3.679      3.3212
0.0068798      3.6585      3.3998      2.6927
0.0068126      3.6585      3.1206      1.6325
0.0062176      3.6585      2.8413      5.2495
0.0051409      3.6585      2.5621     0.19621
0.0036658      3.6585      2.2828      1.6522
0.0053715      3.6364      3.9583      3.9622
0.0063201      3.6364       3.679      3.2006
0.0067791      3.6364      3.3998      5.5796
0.0067129      3.6364      3.1206      3.0517
0.0061266      3.6364      2.8413      1.5966
0.0050656      3.6364      2.5621      3.9931
0.0036122      3.6364      2.2828      1.0382
0.0052933      3.6145      3.9583      2.9812
0.0062281      3.6145       3.679      2.2147
0.0066804      3.6145      3.3998      4.8395
0.0066152      3.6145      3.1206      3.4117
0.0060374      3.6145      2.8413      3.1196
0.0049919      3.6145      2.5621      5.6735
0.0035596      3.6145      2.2828      2.3978
0.0052166      3.5928      3.9583     0.27915
0.0061379      3.5928       3.679      4.9275
0.0065837      3.5928      3.3998      1.6245
0.0065194      3.5928      3.1206      5.7149
0.00595      3.5928      2.8413      4.7483
0.0049196      3.5928      2.5621      5.0066
0.0051415      3.5714      3.9583      5.4844
0.0060496      3.5714       3.679     0.43797
0.0064889      3.5714      3.3998      4.7766
0.0064255      3.5714      3.1206      1.9304
0.0058643      3.5714      2.8413       5.281
0.0048488      3.5714      2.5621      3.6978
0.0050679      3.5503      3.9583       4.935
0.0059629      3.5503       3.679      4.1986
0.006396      3.5503      3.3998      4.1206
0.0063335      3.5503      3.1206     0.53217
0.0057804      3.5503      2.8413      5.7591
0.0047793      3.5503      2.5621      4.0729
0.0049957      3.5294      3.9583      5.2505
0.005878      3.5294       3.679      4.4294
0.0063049      3.5294      3.3998      4.6488
0.0062433      3.5294      3.1206      2.3505
0.005698      3.5294      2.8413     0.10881
0.0047113      3.5294      2.5621     0.76796
0.0049249      3.5088      3.9583      1.4901
0.0057947      3.5088       3.679       2.344
0.0062155      3.5088      3.3998      2.7949
0.0061548      3.5088      3.1206      2.2679
0.0056173      3.5088      2.8413     0.39202
0.0046445      3.5088      2.5621      5.1248
