0.080736
0.230963
0.381023
0.5311
0.681052
0.830248
0.978936
1.12735
1.27556
1.42312
1.5703
1.71737
1.86418
2.01094
2.1576
2.30424
2.45098
2.59788
2.74502
2.89248
3.04031
3.18858
3.33729
3.48609
3.63483
3.7836
3.9325
4.0817
4.23096
4.3792
4.5266
4.67346
4.82008
4.96673
5.11367
5.26117
5.40926
5.55742
5.70587
5.85397
6.00161
6.14887
6.29586
6.44262
6.58911
6.7349
6.88001
7.02465
7.16899
7.31312
7.45696
7.60056
7.74392
7.88709
8.03012
8.17303
8.31589
8.45873
8.60159
8.74451
8.88755
9.03068
9.17371
9.31667
9.4596
9.60254
9.74553
9.88859
10.0317
10.175
10.3184
10.4618
10.6047
10.7473
10.8896
11.0318
11.1741
11.3166
11.4593
11.6021
11.7451
11.8882
12.0316
12.1751
12.3188
12.4627
12.6068
12.7511
12.8957
13.0405
13.1855
13.3306
13.4757
13.6209
13.7661
13.9113
14.0567
14.202
14.3473
14.4926
14.6379
14.7833
14.9288
15.0738
15.2181
15.3616
15.5045
15.6469
15.7889
15.9307
16.0724
16.214
16.3556
16.4971
16.6386
16.7801
16.9215
17.063
17.2045
17.3461
17.4876
17.6292
17.7709
17.9126
18.0545
18.1964
18.3384
18.4806
18.6229
